18
20
21
22
36
37
39
40
43
44
45
46
47
49
50
51
68
73
74
75
76
77
78
79
81
84
85
86
119
120
121
122
123
124
130
140
142
143
144
145
146
147
148
153
158
161
162
163
164
165
168
175
179
180
181
184
186
188
190
191
192
193
194
207
208
210
211
215
216
217
219
221
222
223
225
226
230
231
232
233
235
237
239
243
245
246
247
248
249
262
263
265
266
271
272
276
277
278
279
280
282
283
287
288
289
290
291
294
295
296
297
300
301
302
303
312
314
316
319
320
321
331
332
333
336
340
341
342
352
353
354
357
358
361
362
363
364
365
366
367
368
370
374
381
385
392
393
394
395
398
399
400
401
402
403
407
408
410
411
412
413
416
417
419
421
422
424
427
434
435
436
439
440
451
452
453
456
457
458
459
464
465
467
471
473
477
478
479
480
483
484
485
486
487
488
491
492
493
494
495
496
502
503
504
505
506
508
515
519
521
528
529
530
533
534
537
544
545
546
549
550
552
560
561
563
567
568
572
573
574
575
578
579
580
581
582
583
586
587
588
590
593
595
596
597
598
599
609
612
613
615
616
622
624
626
627
628
632
633
636
639
640
644
648
651
654
656
657
660
663
664
668
669
670
671
674
675
678
679
680
681
682
683
684
685
687
688
689
690
693
698
699
700
701
702
703
704
706
709
710
714
715
716
717
718
720
724
725
727
730
731
732
733
735
736
739
741
742
746
747
748
749
751
753
756
759
760
763
764
765
767
771
772
775
776
778
780
781
782
783
784
788
789
790
792
796
800
804
805
807
808
811
822
823
825
826
827
828
829
830
834
835
836
837
838
839
841
842
843
845
846
847
848
849
853
858
860
867
868
870
874
879
880
881
884
885
887
888
889
892
893
894
899
904
905
906
909
910
911
914
915
916
918
921
923
924
925
926
927
940
941
942
943
948
949
951
952
953
957
958
961
962
963
964
965
966
969
970
971
975
979
980
984
985
989
990
991
993
995
996
997
998
1007
1008
1064
1065
1066
1067
1068
1071
1073
1074
1075
1076
1077
1080
1083
1085
1086
1087
1088
1092
1093
1095
1096
1100
1101
1103
1104
1108
1109
1110
1112
1113
1117
1121
1123
1125
1126
1131
1132
1133
1138
1139
1140
1141
1142
1146
1147
1150
1151
1152
1153
1156
1157
1158
1160
1161
1169
1171
1172
1173
1179
1180
1181
1182
1183
1184
1187
1189
1192
1193
1194
1199
1201
1202
1203
1206
1207
1210
1212
1215
1218
1220
1222
1225
1226
1227
1234
1242
1243
1245
1246
1247
1251
1252
1253
1255
1256
1257
1258
1259
1261
1262
1263
1264
1265
1267
1269
1270
1271
1272
1273
1277
1279
1281
1284
1287
1288
1289
1290
1291
1301
1304
1305
1307
1309
1315
1317
1319
1320
1321
1325
1326
1329
1330
1333
1335
1336
1338
1341
1342
1345
1346
1349
1350
1353
1355
1363
1364
1365
1366
1370
1371
1372
1373
1376
1378
1380
1383
1386
1387
1388
1389
1390
1400
1403
1404
1406
1408
1414
1416
1417
1421
1422
1425
1426
1431
1438
1441
1442
1445
1446
1449
1451
1453
1455
1460
1461
1462
1468
1469
1470
1475
1485
1486
1489
1490
1492
1496
1497
1507
1508
1511
1512
1513
1514
1515
1516
1519
1520
1522
1523
1526
1527
1528
1532
1534
1535
1536
1537
1541
1542
1544
1550
1553
1560
1561
1562
1568
1572
1573
1596
1602
1607
1609
1622
1625
1627
1629
1638
1639
1644
1649
1659
1662
1664
1666
1667
1668
1669
1670
1672
1673
1675
1676
1677
1678
1679
1680
1681
1683
1684
1687
1688
1689
1692
1695
1699
1700
1707
1715
1716
1717
1719
1732
1735
1742
1760
1761
1762
1763
1764
1765
1766
1771
1772
1775
1777
1779
1786
1792
1798
1800
1807
1810
1818
1820
1821
1822
1833
1837
1840
1844
1847
1859
1901
1903
1915
1920
1922
1924
1931
1933
1943
1949
1950
1951
1952
1958
1961
1965
1969
1981
1985
1987
1998
2004
2013
2019
2020
2021
2028
2030
2032
2036
2053
2055
2071
2087
2096
2101
2106
2108
2115
2117
2120
2126
2133
2135
2137
2148
2150
2151
2153
2178
2181
2195
2202
2204
2205
2208
2209
2210
2217
2218
2219
2226
2228
2231
2242
2245
2249
2251
2253
2256
2258
2266
2268
2270
2295
2298
2312
2319
2320
2323
2324
2325
2332
2333
2334
2341
2343
2348
2352
2355
2356
2360
2363
2366
2368
2388
2396
2398
2400
2426
2429
2430
2431
2445
2449
2455
2456
2457
2470
2476
2477
2479
2480
2481
2482
2484
2492
2496
2502
2504
2506
2522
2532
2535
2541
2544
2548
2549
2550
2560
2565
2567
2569
2571
2576
2578
2580
2582
2608
2609
2610
2616
2620
2624
2627
2628
2632
2633
2634
2638
2653
2660
2665
2671
2672
2673
2690
2700
2701
2706
2711
2712
2715
2716
2721
2726
2727
2728
2730
2732
2738
2740
2749
2753
2765
2769
2774
2791
2793
2802
2805
2809
2815
2817
2825
2834
2840
2848
2863
2867
2875
2878
2880
2882
2884
2890
2893
2903
2907
2913
2918
2929
2939
2941
2945
2947
2948
2949
2958
2966
2974
2985
2991
2999
3002
3004
3012
3018
3027
3030
3032
3035
3038
3045
3052
3054
3060
3069
3072
3074
3077
3080
3087
3092
3096
3101
3104
3106
3110
3114
3120
3131
3142
3147
3164
3172
3179
3184
3198
3199
3200
3201
3202
3205
3213
3214
3215
3216
3217
3220
3239
3247
3255
3263
3271
3289
3294
3302
3324
3333
3341
3349
3360
3365
3378
3386
3396
3398
3400
3401
3402
3410
3415
3420
3428
3431
3447
3451
3456
3463
3471
3477
3484
3501
3504
3506
3512
3516
3518
3525
3527
3529
3536
3546
3557
3558
3559
3565
3577
3585
3590
3600
3610
3618
3629
3634
3638
3646
3650
3653
3654
3656
3662
3663
3672
3675
3676
3695
3697
3705
3708
3712
3718
3720
3727
3728
3729
3731
3734
3735
3736
3751
3763
3764
3772
3773
3775
3783
3801
3811
3826
3849
3850
3858
3859
3864
3865
3873
3874
3886
3887
3895
3896
3904
3912
3915
3917
3932
3938
3944
3948
3954
3959
3973
3981
3989
3998
3999
4000
4009
4013
4023
4031
4039
4048
4055
4058
4064
4078
4083
4093
4109
4115
4117
4127
4133
4139
4140
4142
4143
4144
4145
4147
4153
4155
4164
4170
4176
4182
4186
4191
4201
4212
4217
4224
4228
4231
4236
4240
4241
4242
4254
4260
4269
4272
4273
4277
4278
4302
4312
4314
4316
4318
